22439, 44025