4742, 5485